=== AUDITORIA DE FORMAÇÃO LIMO-BEBOP ===
Início: 2026-07-16 17:51:34
Modo Bebop: voo
Trajetória: 0
Espera após takeoff: 5.0 s
Preparação antes da trajetória: 10.0 s
Amostragem de auditoria: 1.00 s

================================================================
t = 0.000 s | modo Bebop = voo
t da trajetória = 0.000 s | preparação = 1
TRAJ = 0 | dt efetivo = 0.033333 s
--- LIMO E REFERÊNCIA ---
PoI LIMO [m]:
  -0.001683
  -0.005091
Referência lemniscata [m]:
  -0.001683
  -0.005091
Yaw LIMO: +2.298415 rad (+131.689 graus)
--- ESTADO E ALVO DO BEBOP ---
p2 medido ou virtual [m]:
  -0.258416
  +0.802549
  +0.903093
p2d de formação [m]:
  -0.001683
  -0.005091
  +1.683202
Erro p2d - p2 [m]:
  +0.256732
  -0.807640
  +0.780109
Yaw Bebop: +0.018683 rad (+1.070 graus)
--- MATRIZES CINEMÁTICAS DO BEBOP ---
A2: velocidade no mundo = A2 * velocidade no corpo
     +0.999825    -0.018682    +0.000000 
     +0.018682    +0.999825    +0.000000 
     +0.000000    +0.000000    +1.000000 
A2inv: velocidade no corpo = A2inv * velocidade no mundo
     +0.999825    +0.018682    +0.000000 
     -0.018682    +0.999825    +0.000000 
     +0.000000    +0.000000    +1.000000 
--- RESULTADO CINEMÁTICO ---
dx2 desejada no mundo [m/s]:
  +0.242133
  -0.523873
  +0.549274
vB desejada no corpo [vx; vy; vz; psidot]:
  +0.232303
  -0.528305
  +0.549274
  +0.000000
A2 * vB_desejada(1:3) [m/s]:
  +0.242133
  -0.523873
  +0.549274
Resíduo A2*vB_desejada - dx2 [m/s]:
  +0.000000e+00
  +0.000000e+00
  +0.000000e+00
Norma do resíduo cinemático: 0.000e+00
--- COMPENSADOR DINÂMICO DO BEBOP ---
vB medida [vx; vy; vz; psidot]:
  -0.005554
  -0.007272
  +0.010437
  +0.018643
dvd_B [m/s²; rad/s²]:
  +0.000000
  +0.000000
  +0.000000
  +0.000000
Aceleração requerida dvd_B + KD*(vd_B-vB_medida):
  +0.951430
  -2.084133
  +2.155345
  -0.074571
Comando bruto f1\(...):
  +1.129164
  -2.496260
  +0.553985
  +0.001380
Comando após saturação:
  +1.000000
  -1.000000
  +0.553985
  +0.001380
Erro causado pela saturação:
  -0.129164
  +1.496260
  +0.000000
  +0.000000
f1*cmd_bruto - f2*vB_medida:
  +0.951430
  -2.084133
  +2.155345
  -0.074571
Resíduo dinâmico bruto:
  +0.000000e+00
  +0.000000e+00
  +0.000000e+00
  +0.000000e+00
Norma do resíduo dinâmico bruto: 0.000e+00
f1*cmd_saturado - f2*vB_medida:
  +0.842712
  -0.834157
  +2.155345
  -0.074571

================================================================
t = 1.024 s | modo Bebop = voo
t da trajetória = 0.000 s | preparação = 1
TRAJ = 0 | dt efetivo = 0.033956 s
--- LIMO E REFERÊNCIA ---
PoI LIMO [m]:
  -0.001711
  -0.005110
Referência lemniscata [m]:
  -0.001711
  -0.005110
Yaw LIMO: +2.298723 rad (+131.707 graus)
--- ESTADO E ALVO DO BEBOP ---
p2 medido ou virtual [m]:
  -0.126021
  +0.546079
  +1.322723
p2d de formação [m]:
  -0.001711
  -0.005110
  +1.683213
Erro p2d - p2 [m]:
  +0.124310
  -0.551189
  +0.360490
Yaw Bebop: -0.009195 rad (-0.527 graus)
--- MATRIZES CINEMÁTICAS DO BEBOP ---
A2: velocidade no mundo = A2 * velocidade no corpo
     +0.999958    +0.009195    +0.000000 
     -0.009195    +0.999958    +0.000000 
     +0.000000    +0.000000    +1.000000 
A2inv: velocidade no corpo = A2inv * velocidade no mundo
     +0.999958    -0.009195    +0.000000 
     +0.009195    +0.999958    +0.000000 
     +0.000000    +0.000000    +1.000000 
--- RESULTADO CINEMÁTICO ---
dx2 desejada no mundo [m/s]:
  +0.122561
  -0.435154
  +0.370510
vB desejada no corpo [vx; vy; vz; psidot]:
  +0.126558
  -0.434009
  +0.370510
  +0.000000
A2 * vB_desejada(1:3) [m/s]:
  +0.122561
  -0.435154
  +0.370510
Resíduo A2*vB_desejada - dx2 [m/s]:
  -1.387779e-17
  -5.551115e-17
  +0.000000e+00
Norma do resíduo cinemático: 5.722e-17
--- COMPENSADOR DINÂMICO DO BEBOP ---
vB medida [vx; vy; vz; psidot]:
  +0.197943
  -0.489746
  +0.409220
  -0.000010
dvd_B [m/s²; rad/s²]:
  -0.186550
  +0.226838
  -0.299451
  +0.000000
Aceleração requerida dvd_B + KD*(vd_B-vB_medida):
  -0.472090
  +0.449786
  -0.454292
  +0.000038
Comando bruto f1\(...):
  -0.518013
  +0.438190
  +0.298285
  -0.000001
Comando após saturação:
  -0.518013
  +0.438190
  +0.298285
  -0.000001
Erro causado pela saturação:
  +0.000000
  +0.000000
  +0.000000
  +0.000000
f1*cmd_bruto - f2*vB_medida:
  -0.472090
  +0.449786
  -0.454292
  +0.000038
Resíduo dinâmico bruto:
  +5.551115e-17
  +0.000000e+00
  -5.551115e-17
  +0.000000e+00
Norma do resíduo dinâmico bruto: 7.850e-17
f1*cmd_saturado - f2*vB_medida:
  -0.472090
  +0.449786
  -0.454292
  +0.000038

================================================================
t = 2.052 s | modo Bebop = voo
t da trajetória = 0.000 s | preparação = 1
TRAJ = 0 | dt efetivo = 0.033544 s
--- LIMO E REFERÊNCIA ---
PoI LIMO [m]:
  -0.001068
  -0.005091
Referência lemniscata [m]:
  -0.001068
  -0.005091
Yaw LIMO: +2.298907 rad (+131.718 graus)
--- ESTADO E ALVO DO BEBOP ---
p2 medido ou virtual [m]:
  -0.053018
  +0.225212
  +1.588802
p2d de formação [m]:
  -0.001068
  -0.005091
  +1.683400
Erro p2d - p2 [m]:
  +0.051950
  -0.230303
  +0.094598
Yaw Bebop: -0.013817 rad (-0.792 graus)
--- MATRIZES CINEMÁTICAS DO BEBOP ---
A2: velocidade no mundo = A2 * velocidade no corpo
     +0.999905    +0.013816    +0.000000 
     -0.013816    +0.999905    +0.000000 
     +0.000000    +0.000000    +1.000000 
A2inv: velocidade no corpo = A2inv * velocidade no mundo
     +0.999905    -0.013816    +0.000000 
     +0.013816    +0.999905    +0.000000 
     +0.000000    +0.000000    +1.000000 
--- RESULTADO CINEMÁTICO ---
dx2 desejada no mundo [m/s]:
  +0.051820
  -0.219621
  +0.112182
vB desejada no corpo [vx; vy; vz; psidot]:
  +0.054850
  -0.218885
  +0.112182
  +0.000000
A2 * vB_desejada(1:3) [m/s]:
  +0.051820
  -0.219621
  +0.112182
Resíduo A2*vB_desejada - dx2 [m/s]:
  +0.000000e+00
  +2.775558e-17
  +0.000000e+00
Norma do resíduo cinemático: 2.776e-17
--- COMPENSADOR DINÂMICO DO BEBOP ---
vB medida [vx; vy; vz; psidot]:
  +0.071561
  -0.196888
  +0.134329
  +0.088370
dvd_B [m/s²; rad/s²]:
  -0.090794
  +0.165818
  -0.151957
  +0.000000
Aceleração requerida dvd_B + KD*(vd_B-vB_medida):
  -0.157640
  +0.077831
  -0.240544
  -0.353478
Comando bruto f1\(...):
  -0.171791
  +0.052876
  +0.074863
  +0.006543
Comando após saturação:
  -0.171791
  +0.052876
  +0.074863
  +0.006543
Erro causado pela saturação:
  +0.000000
  +0.000000
  +0.000000
  +0.000000
f1*cmd_bruto - f2*vB_medida:
  -0.157640
  +0.077831
  -0.240544
  -0.353478
Resíduo dinâmico bruto:
  +0.000000e+00
  +0.000000e+00
  +0.000000e+00
  +0.000000e+00
Norma do resíduo dinâmico bruto: 0.000e+00
f1*cmd_saturado - f2*vB_medida:
  -0.157640
  +0.077831
  -0.240544
  -0.353478

================================================================
t = 3.068 s | modo Bebop = voo
t da trajetória = 0.000 s | preparação = 1
TRAJ = 0 | dt efetivo = 0.033660 s
--- LIMO E REFERÊNCIA ---
PoI LIMO [m]:
  -0.000814
  -0.005015
Referência lemniscata [m]:
  -0.000814
  -0.005015
Yaw LIMO: +2.296477 rad (+131.578 graus)
--- ESTADO E ALVO DO BEBOP ---
p2 medido ou virtual [m]:
  -0.020334
  +0.075508
  +1.116683
p2d de formação [m]:
  -0.000814
  -0.005015
  +1.683330
Erro p2d - p2 [m]:
  +0.019520
  -0.080523
  +0.566647
Yaw Bebop: -0.017975 rad (-1.030 graus)
--- MATRIZES CINEMÁTICAS DO BEBOP ---
A2: velocidade no mundo = A2 * velocidade no corpo
     +0.999838    +0.017974    +0.000000 
     -0.017974    +0.999838    +0.000000 
     +0.000000    +0.000000    +1.000000 
A2inv: velocidade no corpo = A2inv * velocidade no mundo
     +0.999838    -0.017974    +0.000000 
     +0.017974    +0.999838    +0.000000 
     +0.000000    +0.000000    +1.000000 
--- RESULTADO CINEMÁTICO ---
dx2 desejada no mundo [m/s]:
  +0.019513
  -0.080043
  +0.487286
vB desejada no corpo [vx; vy; vz; psidot]:
  +0.020949
  -0.079679
  +0.487286
  +0.000000
A2 * vB_desejada(1:3) [m/s]:
  +0.019513
  -0.080043
  +0.487286
Resíduo A2*vB_desejada - dx2 [m/s]:
  -3.469447e-18
  +0.000000e+00
  +0.000000e+00
Norma do resíduo cinemático: 3.469e-18
--- COMPENSADOR DINÂMICO DO BEBOP ---
vB medida [vx; vy; vz; psidot]:
  +0.032880
  -0.087999
  -1.120287
  +0.054644
dvd_B [m/s²; rad/s²]:
  -0.032953
  +0.085398
  +0.484974
  +0.000000
Aceleração requerida dvd_B + KD*(vd_B-vB_medida):
  -0.080675
  +0.118676
  +6.915267
  -0.218577
Comando bruto f1\(...):
  -0.088728
  +0.124051
  +0.613464
  +0.004046
Comando após saturação:
  -0.088728
  +0.124051
  +0.613464
  +0.004046
Erro causado pela saturação:
  +0.000000
  +0.000000
  +0.000000
  +0.000000
f1*cmd_bruto - f2*vB_medida:
  -0.080675
  +0.118676
  +6.915267
  -0.218577
Resíduo dinâmico bruto:
  +0.000000e+00
  +0.000000e+00
  +0.000000e+00
  +0.000000e+00
Norma do resíduo dinâmico bruto: 0.000e+00
f1*cmd_saturado - f2*vB_medida:
  -0.080675
  +0.118676
  +6.915267
  -0.218577

================================================================
t = 4.080 s | modo Bebop = voo
t da trajetória = 0.000 s | preparação = 1
TRAJ = 0 | dt efetivo = 0.033382 s
--- LIMO E REFERÊNCIA ---
PoI LIMO [m]:
  +0.000697
  +0.001918
Referência lemniscata [m]:
  +0.000697
  +0.001918
Yaw LIMO: +2.227296 rad (+127.615 graus)
--- ESTADO E ALVO DO BEBOP ---
p2 medido ou virtual [m]:
  -0.023408
  +0.044550
  +0.115777
p2d de formação [m]:
  +0.000697
  +0.001918
  +1.685920
Erro p2d - p2 [m]:
  +0.024105
  -0.042632
  +1.570143
Yaw Bebop: +0.228295 rad (+13.080 graus)
--- MATRIZES CINEMÁTICAS DO BEBOP ---
A2: velocidade no mundo = A2 * velocidade no corpo
     +0.974054    -0.226317    +0.000000 
     +0.226317    +0.974054    +0.000000 
     +0.000000    +0.000000    +1.000000 
A2inv: velocidade no corpo = A2inv * velocidade no mundo
     +0.974054    +0.226317    +0.000000 
     -0.226317    +0.974054    +0.000000 
     +0.000000    +0.000000    +1.000000 
--- RESULTADO CINEMÁTICO ---
dx2 desejada no mundo [m/s]:
  +0.024092
  -0.042560
  +0.597757
vB desejada no corpo [vx; vy; vz; psidot]:
  +0.013835
  -0.046908
  +0.597757
  +0.000000
A2 * vB_desejada(1:3) [m/s]:
  +0.024092
  -0.042560
  +0.597757
Resíduo A2*vB_desejada - dx2 [m/s]:
  +0.000000e+00
  +0.000000e+00
  +0.000000e+00
Norma do resíduo cinemático: 0.000e+00
--- COMPENSADOR DINÂMICO DO BEBOP ---
vB medida [vx; vy; vz; psidot]:
  -0.266091
  +0.185867
  -0.026519
  +1.657566
dvd_B [m/s²; rad/s²]:
  +0.367853
  -0.120718
  +0.003390
  +0.000000
Aceleração requerida dvd_B + KD*(vd_B-vB_medida):
  +1.487559
  -1.051818
  +2.500496
  -6.630266
Comando bruto f1\(...):
  +1.709705
  -1.221025
  +0.603730
  +0.122731
Comando após saturação:
  +1.000000
  -1.000000
  +0.603730
  +0.122731
Erro causado pela saturação:
  -0.709705
  +0.221025
  +0.000000
  +0.000000
f1*cmd_bruto - f2*vB_medida:
  +1.487559
  -1.051818
  +2.500496
  -6.630266
Resíduo dinâmico bruto:
  +0.000000e+00
  +0.000000e+00
  +0.000000e+00
  +0.000000e+00
Norma do resíduo dinâmico bruto: 0.000e+00
f1*cmd_saturado - f2*vB_medida:
  +0.890200
  -0.867174
  +2.500496
  -6.630266

================================================================
t = 5.091 s | modo Bebop = voo
t da trajetória = 0.000 s | preparação = 1
TRAJ = 0 | dt efetivo = 0.033376 s
--- LIMO E REFERÊNCIA ---
PoI LIMO [m]:
  +0.001252
  -0.001607
Referência lemniscata [m]:
  +0.001252
  -0.001607
Yaw LIMO: +2.236316 rad (+128.131 graus)
--- ESTADO E ALVO DO BEBOP ---
p2 medido ou virtual [m]:
  -0.043682
  +0.013774
  +0.112614
p2d de formação [m]:
  +0.001252
  -0.001607
  +1.682524
Erro p2d - p2 [m]:
  +0.044933
  -0.015381
  +1.569910
Yaw Bebop: +0.227089 rad (+13.011 graus)
--- MATRIZES CINEMÁTICAS DO BEBOP ---
A2: velocidade no mundo = A2 * velocidade no corpo
     +0.974326    -0.225142    +0.000000 
     +0.225142    +0.974326    +0.000000 
     +0.000000    +0.000000    +1.000000 
A2inv: velocidade no corpo = A2inv * velocidade no mundo
     +0.974326    +0.225142    +0.000000 
     -0.225142    +0.974326    +0.000000 
     +0.000000    +0.000000    +1.000000 
--- RESULTADO CINEMÁTICO ---
dx2 desejada no mundo [m/s]:
  +0.044849
  -0.015378
  +0.597755
vB desejada no corpo [vx; vy; vz; psidot]:
  +0.040236
  -0.025081
  +0.597755
  +0.000000
A2 * vB_desejada(1:3) [m/s]:
  +0.044849
  -0.015378
  +0.597755
Resíduo A2*vB_desejada - dx2 [m/s]:
  +0.000000e+00
  -1.734723e-18
  +0.000000e+00
Norma do resíduo cinemático: 1.735e-18
--- COMPENSADOR DINÂMICO DO BEBOP ---
vB medida [vx; vy; vz; psidot]:
  -0.016229
  -0.003377
  +0.012085
  +0.001898
dvd_B [m/s²; rad/s²]:
  +0.022241
  +0.004109
  -0.000105
  +0.000000
Aceleração requerida dvd_B + KD*(vd_B-vB_medida):
  +0.248099
  -0.082705
  +2.342575
  -0.007591
Comando bruto f1\(...):
  +0.291245
  -0.099691
  +0.602856
  +0.000141
Comando após saturação:
  +0.291245
  -0.099691
  +0.602856
  +0.000141
Erro causado pela saturação:
  +0.000000
  +0.000000
  +0.000000
  +0.000000
f1*cmd_bruto - f2*vB_medida:
  +0.248099
  -0.082705
  +2.342575
  -0.007591
Resíduo dinâmico bruto:
  +0.000000e+00
  +0.000000e+00
  +0.000000e+00
  +0.000000e+00
Norma do resíduo dinâmico bruto: 0.000e+00
f1*cmd_saturado - f2*vB_medida:
  +0.248099
  -0.082705
  +2.342575
  -0.007591

================================================================
t = 6.108 s | modo Bebop = voo
t da trajetória = 0.000 s | preparação = 1
TRAJ = 0 | dt efetivo = 0.033431 s
--- LIMO E REFERÊNCIA ---
PoI LIMO [m]:
  +0.001137
  -0.001515
Referência lemniscata [m]:
  +0.001137
  -0.001515
Yaw LIMO: +2.236090 rad (+128.119 graus)
--- ESTADO E ALVO DO BEBOP ---
p2 medido ou virtual [m]:
  -0.043417
  +0.013894
  +0.112269
p2d de formação [m]:
  +0.001137
  -0.001515
  +1.682525
Erro p2d - p2 [m]:
  +0.044553
  -0.015408
  +1.570256
Yaw Bebop: +0.227184 rad (+13.017 graus)
--- MATRIZES CINEMÁTICAS DO BEBOP ---
A2: velocidade no mundo = A2 * velocidade no corpo
     +0.974305    -0.225235    +0.000000 
     +0.225235    +0.974305    +0.000000 
     +0.000000    +0.000000    +1.000000 
A2inv: velocidade no corpo = A2inv * velocidade no mundo
     +0.974305    +0.225235    +0.000000 
     -0.225235    +0.974305    +0.000000 
     +0.000000    +0.000000    +1.000000 
--- RESULTADO CINEMÁTICO ---
dx2 desejada no mundo [m/s]:
  +0.044472
  -0.015405
  +0.597758
vB desejada no corpo [vx; vy; vz; psidot]:
  +0.039859
  -0.025026
  +0.597758
  +0.000000
A2 * vB_desejada(1:3) [m/s]:
  +0.044472
  -0.015405
  +0.597758
Resíduo A2*vB_desejada - dx2 [m/s]:
  -6.938894e-18
  +3.469447e-18
  +0.000000e+00
Norma do resíduo cinemático: 7.758e-18
--- COMPENSADOR DINÂMICO DO BEBOP ---
vB medida [vx; vy; vz; psidot]:
  +0.000260
  +0.001050
  +0.000550
  +0.009336
dvd_B [m/s²; rad/s²]:
  +0.031630
  +0.009966
  -0.000032
  +0.000000
Aceleração requerida dvd_B + KD*(vd_B-vB_medida):
  +0.190027
  -0.094336
  +2.388800
  -0.037345
Comando bruto f1\(...):
  +0.225822
  -0.112708
  +0.602875
  +0.000691
Comando após saturação:
  +0.225822
  -0.112708
  +0.602875
  +0.000691
Erro causado pela saturação:
  +0.000000
  +0.000000
  +0.000000
  +0.000000
f1*cmd_bruto - f2*vB_medida:
  +0.190027
  -0.094336
  +2.388800
  -0.037345
Resíduo dinâmico bruto:
  +0.000000e+00
  +0.000000e+00
  +0.000000e+00
  +0.000000e+00
Norma do resíduo dinâmico bruto: 0.000e+00
f1*cmd_saturado - f2*vB_medida:
  +0.190027
  -0.094336
  +2.388800
  -0.037345

================================================================
t = 7.125 s | modo Bebop = voo
t da trajetória = 0.000 s | preparação = 1
TRAJ = 0 | dt efetivo = 0.034268 s
--- LIMO E REFERÊNCIA ---
PoI LIMO [m]:
  +0.001507
  -0.000980
Referência lemniscata [m]:
  +0.001507
  -0.000980
Yaw LIMO: +2.231771 rad (+127.871 graus)
--- ESTADO E ALVO DO BEBOP ---
p2 medido ou virtual [m]:
  -0.043351
  +0.013963
  +0.112231
p2d de formação [m]:
  +0.001507
  -0.000980
  +1.682624
Erro p2d - p2 [m]:
  +0.044858
  -0.014943
  +1.570393
Yaw Bebop: +0.225787 rad (+12.937 graus)
--- MATRIZES CINEMÁTICAS DO BEBOP ---
A2: velocidade no mundo = A2 * velocidade no corpo
     +0.974618    -0.223873    +0.000000 
     +0.223873    +0.974618    +0.000000 
     +0.000000    +0.000000    +1.000000 
A2inv: velocidade no corpo = A2inv * velocidade no mundo
     +0.974618    +0.223873    +0.000000 
     -0.223873    +0.974618    +0.000000 
     +0.000000    +0.000000    +1.000000 
--- RESULTADO CINEMÁTICO ---
dx2 desejada no mundo [m/s]:
  +0.044775
  -0.014940
  +0.597760
vB desejada no corpo [vx; vy; vz; psidot]:
  +0.040293
  -0.024585
  +0.597760
  +0.000000
A2 * vB_desejada(1:3) [m/s]:
  +0.044775
  -0.014940
  +0.597760
Resíduo A2*vB_desejada - dx2 [m/s]:
  +0.000000e+00
  +0.000000e+00
  +0.000000e+00
Norma do resíduo cinemático: 0.000e+00
--- COMPENSADOR DINÂMICO DO BEBOP ---
vB medida [vx; vy; vz; psidot]:
  +0.000689
  -0.000707
  +0.000361
  -0.003116
dvd_B [m/s²; rad/s²]:
  +0.000977
  +0.000616
  +0.000014
  +0.000000
Aceleração requerida dvd_B + KD*(vd_B-vB_medida):
  +0.159395
  -0.094895
  +2.389608
  +0.012465
Comando bruto f1\(...):
  +0.189522
  -0.113737
  +0.602888
  -0.000231
Comando após saturação:
  +0.189522
  -0.113737
  +0.602888
  -0.000231
Erro causado pela saturação:
  +0.000000
  +0.000000
  +0.000000
  +0.000000
f1*cmd_bruto - f2*vB_medida:
  +0.159395
  -0.094895
  +2.389608
  +0.012465
Resíduo dinâmico bruto:
  +0.000000e+00
  +0.000000e+00
  +0.000000e+00
  +0.000000e+00
Norma do resíduo dinâmico bruto: 0.000e+00
f1*cmd_saturado - f2*vB_medida:
  +0.159395
  -0.094895
  +2.389608
  +0.012465

================================================================
t = 8.141 s | modo Bebop = voo
t da trajetória = 0.000 s | preparação = 1
TRAJ = 0 | dt efetivo = 0.033386 s
--- LIMO E REFERÊNCIA ---
PoI LIMO [m]:
  +0.001528
  -0.001063
Referência lemniscata [m]:
  +0.001528
  -0.001063
Yaw LIMO: +2.230876 rad (+127.820 graus)
--- ESTADO E ALVO DO BEBOP ---
p2 medido ou virtual [m]:
  -0.043360
  +0.013902
  +0.112177
p2d de formação [m]:
  +0.001528
  -0.001063
  +1.682530
Erro p2d - p2 [m]:
  +0.044888
  -0.014965
  +1.570353
Yaw Bebop: +0.226769 rad (+12.993 graus)
--- MATRIZES CINEMÁTICAS DO BEBOP ---
A2: velocidade no mundo = A2 * velocidade no corpo
     +0.974398    -0.224830    +0.000000 
     +0.224830    +0.974398    +0.000000 
     +0.000000    +0.000000    +1.000000 
A2inv: velocidade no corpo = A2inv * velocidade no mundo
     +0.974398    +0.224830    +0.000000 
     -0.224830    +0.974398    +0.000000 
     +0.000000    +0.000000    +1.000000 
--- RESULTADO CINEMÁTICO ---
dx2 desejada no mundo [m/s]:
  +0.044804
  -0.014962
  +0.597759
vB desejada no corpo [vx; vy; vz; psidot]:
  +0.040293
  -0.024652
  +0.597759
  +0.000000
A2 * vB_desejada(1:3) [m/s]:
  +0.044804
  -0.014962
  +0.597759
Resíduo A2*vB_desejada - dx2 [m/s]:
  +0.000000e+00
  +0.000000e+00
  +0.000000e+00
Norma do resíduo cinemático: 0.000e+00
--- COMPENSADOR DINÂMICO DO BEBOP ---
vB medida [vx; vy; vz; psidot]:
  -0.000138
  +0.002520
  +0.000582
  -0.016527
dvd_B [m/s²; rad/s²]:
  +0.002911
  +0.000302
  -0.000015
  +0.000000
Aceleração requerida dvd_B + KD*(vd_B-vB_medida):
  +0.164635
  -0.108387
  +2.388693
  +0.066108
Comando bruto f1\(...):
  +0.195569
  -0.129227
  +0.602880
  -0.001224
Comando após saturação:
  +0.195569
  -0.129227
  +0.602880
  -0.001224
Erro causado pela saturação:
  +0.000000
  +0.000000
  +0.000000
  +0.000000
f1*cmd_bruto - f2*vB_medida:
  +0.164635
  -0.108387
  +2.388693
  +0.066108
Resíduo dinâmico bruto:
  +0.000000e+00
  +1.387779e-17
  +0.000000e+00
  +0.000000e+00
Norma do resíduo dinâmico bruto: 1.388e-17
f1*cmd_saturado - f2*vB_medida:
  +0.164635
  -0.108387
  +2.388693
  +0.066108

================================================================
t = 9.158 s | modo Bebop = voo
t da trajetória = 0.000 s | preparação = 1
TRAJ = 0 | dt efetivo = 0.033407 s
--- LIMO E REFERÊNCIA ---
PoI LIMO [m]:
  -0.000085
  -0.002499
Referência lemniscata [m]:
  -0.000085
  -0.002499
Yaw LIMO: +2.265696 rad (+129.815 graus)
--- ESTADO E ALVO DO BEBOP ---
p2 medido ou virtual [m]:
  -0.064959
  +0.013267
  +0.133237
p2d de formação [m]:
  -0.000085
  -0.002499
  +1.682798
Erro p2d - p2 [m]:
  +0.064874
  -0.015765
  +1.549561
Yaw Bebop: +0.241103 rad (+13.814 graus)
--- MATRIZES CINEMÁTICAS DO BEBOP ---
A2: velocidade no mundo = A2 * velocidade no corpo
     +0.971075    -0.238773    +0.000000 
     +0.238773    +0.971075    +0.000000 
     +0.000000    +0.000000    +1.000000 
A2inv: velocidade no corpo = A2inv * velocidade no mundo
     +0.971075    +0.238773    +0.000000 
     -0.238773    +0.971075    +0.000000 
     +0.000000    +0.000000    +1.000000 
--- RESULTADO CINEMÁTICO ---
dx2 desejada no mundo [m/s]:
  +0.064622
  -0.015762
  +0.597565
vB desejada no corpo [vx; vy; vz; psidot]:
  +0.058989
  -0.030736
  +0.597565
  +0.000000
A2 * vB_desejada(1:3) [m/s]:
  +0.064622
  -0.015762
  +0.597565
Resíduo A2*vB_desejada - dx2 [m/s]:
  +0.000000e+00
  -6.938894e-18
  +0.000000e+00
Norma do resíduo cinemático: 6.939e-18
--- COMPENSADOR DINÂMICO DO BEBOP ---
vB medida [vx; vy; vz; psidot]:
  -0.186792
  +0.027454
  +0.191389
  -0.145687
dvd_B [m/s²; rad/s²]:
  +0.161338
  -0.052300
  -0.002060
  +0.000000
Aceleração requerida dvd_B + KD*(vd_B-vB_medida):
  +1.144466
  -0.285060
  +1.622648
  +0.582747
Comando bruto f1\(...):
  +1.319258
  -0.335608
  +0.602217
  -0.010787
Comando após saturação:
  +1.000000
  -0.335608
  +0.602217
  -0.010787
Erro causado pela saturação:
  -0.319258
  +0.000000
  +0.000000
  +0.000000
f1*cmd_bruto - f2*vB_medida:
  +1.144466
  -0.285060
  +1.622648
  +0.582747
Resíduo dinâmico bruto:
  +0.000000e+00
  +0.000000e+00
  +0.000000e+00
  +0.000000e+00
Norma do resíduo dinâmico bruto: 0.000e+00
f1*cmd_saturado - f2*vB_medida:
  +0.875747
  -0.285060
  +1.622648
  +0.582747

================================================================
t = 10.175 s | modo Bebop = voo
t da trajetória = 0.175 s | preparação = 0
TRAJ = 0 | dt efetivo = 0.033384 s
--- LIMO E REFERÊNCIA ---
PoI LIMO [m]:
  +0.000455
  -0.001080
Referência lemniscata [m]:
  +0.000000
  +0.000000
Yaw LIMO: +2.261864 rad (+129.595 graus)
--- ESTADO E ALVO DO BEBOP ---
p2 medido ou virtual [m]:
  -0.395843
  -0.025960
  +0.060713
p2d de formação [m]:
  +0.000000
  +0.400000
  +1.000000
Erro p2d - p2 [m]:
  +0.395843
  +0.425960
  +0.939287
Yaw Bebop: -0.083540 rad (-4.786 graus)
--- MATRIZES CINEMÁTICAS DO BEBOP ---
A2: velocidade no mundo = A2 * velocidade no corpo
     +0.996513    +0.083442    +0.000000 
     -0.083442    +0.996513    +0.000000 
     +0.000000    +0.000000    +1.000000 
A2inv: velocidade no corpo = A2inv * velocidade no mundo
     +0.996513    -0.083442    +0.000000 
     +0.083442    +0.996513    +0.000000 
     +0.000000    +0.000000    +1.000000 
--- RESULTADO CINEMÁTICO ---
dx2 desejada no mundo [m/s]:
  +0.346914
  +0.366381
  +0.572619
vB desejada no corpo [vx; vy; vz; psidot]:
  +0.315132
  +0.394051
  +0.572619
  +0.000000
A2 * vB_desejada(1:3) [m/s]:
  +0.346914
  +0.366381
  +0.572619
Resíduo A2*vB_desejada - dx2 [m/s]:
  +5.551115e-17
  +0.000000e+00
  +0.000000e+00
Norma do resíduo cinemático: 5.551e-17
--- COMPENSADOR DINÂMICO DO BEBOP ---
vB medida [vx; vy; vz; psidot]:
  -0.008817
  -0.005516
  -0.002936
  +0.040702
dvd_B [m/s²; rad/s²]:
  +0.021929
  -0.009318
  +0.000314
  +0.000000
Aceleração requerida dvd_B + KD*(vd_B-vB_medida):
  +1.317727
  +1.588947
  +2.302536
  -0.162808
Comando bruto f1\(...):
  +1.563645
  +1.900891
  +0.577607
  +0.003014
Comando após saturação:
  +1.000000
  +1.000000
  +0.577607
  +0.003014
Erro causado pela saturação:
  -0.563645
  -0.900891
  +0.000000
  +0.000000
f1*cmd_bruto - f2*vB_medida:
  +1.317727
  +1.588947
  +2.302536
  -0.162808
Resíduo dinâmico bruto:
  +0.000000e+00
  +0.000000e+00
  +0.000000e+00
  +0.000000e+00
Norma do resíduo dinâmico bruto: 0.000e+00
f1*cmd_saturado - f2*vB_medida:
  +0.843307
  +0.836343
  +2.302536
  -0.162808

================================================================
t = 11.186 s | modo Bebop = voo
t da trajetória = 1.186 s | preparação = 0
TRAJ = 0 | dt efetivo = 0.033456 s
--- LIMO E REFERÊNCIA ---
PoI LIMO [m]:
  +0.000501
  -0.000866
Referência lemniscata [m]:
  +0.000000
  +0.000000
Yaw LIMO: +2.262138 rad (+129.611 graus)
--- ESTADO E ALVO DO BEBOP ---
p2 medido ou virtual [m]:
  -0.395459
  -0.025591
  +0.060259
p2d de formação [m]:
  +0.000000
  +0.400000
  +1.000000
Erro p2d - p2 [m]:
  +0.395459
  +0.425591
  +0.939741
Yaw Bebop: -0.082734 rad (-4.740 graus)
--- MATRIZES CINEMÁTICAS DO BEBOP ---
A2: velocidade no mundo = A2 * velocidade no corpo
     +0.996579    +0.082640    +0.000000 
     -0.082640    +0.996579    +0.000000 
     +0.000000    +0.000000    +1.000000 
A2inv: velocidade no corpo = A2inv * velocidade no mundo
     +0.996579    -0.082640    +0.000000 
     +0.082640    +0.996579    +0.000000 
     +0.000000    +0.000000    +1.000000 
--- RESULTADO CINEMÁTICO ---
dx2 desejada no mundo [m/s]:
  +0.346658
  +0.366149
  +0.572668
vB desejada no corpo [vx; vy; vz; psidot]:
  +0.315213
  +0.393545
  +0.572668
  +0.000000
A2 * vB_desejada(1:3) [m/s]:
  +0.346658
  +0.366149
  +0.572668
Resíduo A2*vB_desejada - dx2 [m/s]:
  +5.551115e-17
  +0.000000e+00
  +0.000000e+00
Norma do resíduo cinemático: 5.551e-17
--- COMPENSADOR DINÂMICO DO BEBOP ---
vB medida [vx; vy; vz; psidot]:
  +0.005038
  +0.001675
  +0.001039
  +0.010855
dvd_B [m/s²; rad/s²]:
  +0.000913
  -0.004489
  -0.000111
  +0.000000
Aceleração requerida dvd_B + KD*(vd_B-vB_medida):
  +1.241612
  +1.562992
  +2.286405
  -0.043420
Comando bruto f1\(...):
  +1.476216
  +1.871293
  +0.577549
  +0.000804
Comando após saturação:
  +1.000000
  +1.000000
  +0.577549
  +0.000804
Erro causado pela saturação:
  -0.476216
  -0.871293
  +0.000000
  +0.000000
f1*cmd_bruto - f2*vB_medida:
  +1.241612
  +1.562992
  +2.286405
  -0.043420
Resíduo dinâmico bruto:
  +0.000000e+00
  +0.000000e+00
  +0.000000e+00
  +0.000000e+00
Norma do resíduo dinâmico bruto: 0.000e+00
f1*cmd_saturado - f2*vB_medida:
  +0.840782
  +0.835114
  +2.286405
  -0.043420

================================================================
t = 12.202 s | modo Bebop = voo
t da trajetória = 2.202 s | preparação = 0
TRAJ = 0 | dt efetivo = 0.034068 s
--- LIMO E REFERÊNCIA ---
PoI LIMO [m]:
  +0.000569
  -0.000866
Referência lemniscata [m]:
  +0.000000
  +0.000000
Yaw LIMO: +2.261760 rad (+129.589 graus)
--- ESTADO E ALVO DO BEBOP ---
p2 medido ou virtual [m]:
  -0.395410
  -0.025657
  +0.060246
p2d de formação [m]:
  +0.000000
  +0.400000
  +1.000000
Erro p2d - p2 [m]:
  +0.395410
  +0.425657
  +0.939754
Yaw Bebop: -0.083139 rad (-4.763 graus)
--- MATRIZES CINEMÁTICAS DO BEBOP ---
A2: velocidade no mundo = A2 * velocidade no corpo
     +0.996546    +0.083043    +0.000000 
     -0.083043    +0.996546    +0.000000 
     +0.000000    +0.000000    +1.000000 
A2inv: velocidade no corpo = A2inv * velocidade no mundo
     +0.996546    -0.083043    +0.000000 
     +0.083043    +0.996546    +0.000000 
     +0.000000    +0.000000    +1.000000 
--- RESULTADO CINEMÁTICO ---
dx2 desejada no mundo [m/s]:
  +0.346625
  +0.366191
  +0.572669
vB desejada no corpo [vx; vy; vz; psidot]:
  +0.315018
  +0.393711
  +0.572669
  +0.000000
A2 * vB_desejada(1:3) [m/s]:
  +0.346625
  +0.366191
  +0.572669
Resíduo A2*vB_desejada - dx2 [m/s]:
  +5.551115e-17
  +5.551115e-17
  +0.000000e+00
Norma do resíduo cinemático: 7.850e-17
--- COMPENSADOR DINÂMICO DO BEBOP ---
vB medida [vx; vy; vz; psidot]:
  +0.000150
  +0.000190
  -0.000148
  +0.004039
dvd_B [m/s²; rad/s²]:
  +0.001490
  -0.001392
  +0.000016
  +0.000000
Aceleração requerida dvd_B + KD*(vd_B-vB_medida):
  +1.260962
  +1.572692
  +2.291284
  -0.016156
Comando bruto f1\(...):
  +1.498146
  +1.882600
  +0.577582
  +0.000299
Comando após saturação:
  +1.000000
  +1.000000
  +0.577582
  +0.000299
Erro causado pela saturação:
  -0.498146
  -0.882600
  +0.000000
  +0.000000
f1*cmd_bruto - f2*vB_medida:
  +1.260962
  +1.572692
  +2.291284
  -0.016156
Resíduo dinâmico bruto:
  +0.000000e+00
  +0.000000e+00
  +0.000000e+00
  +0.000000e+00
Norma do resíduo dinâmico bruto: 0.000e+00
f1*cmd_saturado - f2*vB_medida:
  +0.841673
  +0.835368
  +2.291284
  -0.016156

================================================================
t = 13.218 s | modo Bebop = voo
t da trajetória = 3.218 s | preparação = 0
TRAJ = 0 | dt efetivo = 0.037240 s
--- LIMO E REFERÊNCIA ---
PoI LIMO [m]:
  +0.000405
  -0.000943
Referência lemniscata [m]:
  +0.000000
  +0.000000
Yaw LIMO: +2.264062 rad (+129.721 graus)
--- ESTADO E ALVO DO BEBOP ---
p2 medido ou virtual [m]:
  -0.394979
  -0.025670
  +0.060252
p2d de formação [m]:
  +0.000000
  +0.400000
  +1.000000
Erro p2d - p2 [m]:
  +0.394979
  +0.425670
  +0.939748
Yaw Bebop: -0.084338 rad (-4.832 graus)
--- MATRIZES CINEMÁTICAS DO BEBOP ---
A2: velocidade no mundo = A2 * velocidade no corpo
     +0.996446    +0.084238    +0.000000 
     -0.084238    +0.996446    +0.000000 
     +0.000000    +0.000000    +1.000000 
A2inv: velocidade no corpo = A2inv * velocidade no mundo
     +0.996446    -0.084238    +0.000000 
     +0.084238    +0.996446    +0.000000 
     +0.000000    +0.000000    +1.000000 
--- RESULTADO CINEMÁTICO ---
dx2 desejada no mundo [m/s]:
  +0.346338
  +0.366199
  +0.572668
vB desejada no corpo [vx; vy; vz; psidot]:
  +0.314259
  +0.394072
  +0.572668
  +0.000000
A2 * vB_desejada(1:3) [m/s]:
  +0.346338
  +0.366199
  +0.572668
Resíduo A2*vB_desejada - dx2 [m/s]:
  +0.000000e+00
  +0.000000e+00
  +0.000000e+00
Norma do resíduo cinemático: 0.000e+00
--- COMPENSADOR DINÂMICO DO BEBOP ---
vB medida [vx; vy; vz; psidot]:
  +0.004948
  +0.000365
  -0.001060
  -0.009310
dvd_B [m/s²; rad/s²]:
  -0.006967
  +0.002682
  +0.000113
  +0.000000
Aceleração requerida dvd_B + KD*(vd_B-vB_medida):
  +1.230278
  +1.577511
  +2.295027
  +0.037240
Comando bruto f1\(...):
  +1.462730
  +1.888405
  +0.577606
  -0.000689
Comando após saturação:
  +1.000000
  +1.000000
  +0.577606
  -0.000689
Erro causado pela saturação:
  -0.462730
  -0.888405
  +0.000000
  +0.000000
f1*cmd_bruto - f2*vB_medida:
  +1.230278
  +1.577511
  +2.295027
  +0.037240
Resíduo dinâmico bruto:
  +0.000000e+00
  +0.000000e+00
  +0.000000e+00
  +0.000000e+00
Norma do resíduo dinâmico bruto: 0.000e+00
f1*cmd_saturado - f2*vB_medida:
  +0.840798
  +0.835338
  +2.295027
  +0.037240

================================================================
t = 14.230 s | modo Bebop = voo
t da trajetória = 4.230 s | preparação = 0
TRAJ = 0 | dt efetivo = 0.033637 s
--- LIMO E REFERÊNCIA ---
PoI LIMO [m]:
  +0.000494
  -0.000976
Referência lemniscata [m]:
  +0.000000
  +0.000000
Yaw LIMO: +2.264323 rad (+129.736 graus)
--- ESTADO E ALVO DO BEBOP ---
p2 medido ou virtual [m]:
  -0.395428
  -0.025590
  +0.060200
p2d de formação [m]:
  +0.000000
  +0.400000
  +1.000000
Erro p2d - p2 [m]:
  +0.395428
  +0.425590
  +0.939800
Yaw Bebop: -0.082225 rad (-4.711 graus)
--- MATRIZES CINEMÁTICAS DO BEBOP ---
A2: velocidade no mundo = A2 * velocidade no corpo
     +0.996621    +0.082132    +0.000000 
     -0.082132    +0.996621    +0.000000 
     +0.000000    +0.000000    +1.000000 
A2inv: velocidade no corpo = A2inv * velocidade no mundo
     +0.996621    -0.082132    +0.000000 
     +0.082132    +0.996621    +0.000000 
     +0.000000    +0.000000    +1.000000 
--- RESULTADO CINEMÁTICO ---
dx2 desejada no mundo [m/s]:
  +0.346637
  +0.366149
  +0.572674
vB desejada no corpo [vx; vy; vz; psidot]:
  +0.315393
  +0.393382
  +0.572674
  +0.000000
A2 * vB_desejada(1:3) [m/s]:
  +0.346637
  +0.366149
  +0.572674
Resíduo A2*vB_desejada - dx2 [m/s]:
  +5.551115e-17
  +5.551115e-17
  +0.000000e+00
Norma do resíduo cinemático: 7.850e-17
--- COMPENSADOR DINÂMICO DO BEBOP ---
vB medida [vx; vy; vz; psidot]:
  +0.000731
  +0.000069
  -0.000226
  +0.002554
dvd_B [m/s²; rad/s²]:
  +0.000518
  -0.000851
  +0.000024
  +0.000000
Aceleração requerida dvd_B + KD*(vd_B-vB_medida):
  +1.259166
  +1.572402
  +2.291624
  -0.010217
Comando bruto f1\(...):
  +1.496138
  +1.882228
  +0.577589
  +0.000189
Comando após saturação:
  +1.000000
  +1.000000
  +0.577589
  +0.000189
Erro causado pela saturação:
  -0.496138
  -0.882228
  +0.000000
  +0.000000
f1*cmd_bruto - f2*vB_medida:
  +1.259166
  +1.572402
  +2.291624
  -0.010217
Resíduo dinâmico bruto:
  +0.000000e+00
  +0.000000e+00
  +0.000000e+00
  +0.000000e+00
Norma do resíduo dinâmico bruto: 0.000e+00
f1*cmd_saturado - f2*vB_medida:
  +0.841567
  +0.835388
  +2.291624
  -0.010217

================================================================
t = 15.241 s | modo Bebop = voo
t da trajetória = 5.241 s | preparação = 0
TRAJ = 0 | dt efetivo = 0.033408 s
--- LIMO E REFERÊNCIA ---
PoI LIMO [m]:
  +0.000555
  -0.000986
Referência lemniscata [m]:
  +0.000000
  +0.000000
Yaw LIMO: +2.263742 rad (+129.703 graus)
--- ESTADO E ALVO DO BEBOP ---
p2 medido ou virtual [m]:
  -0.395381
  -0.025663
  +0.060178
p2d de formação [m]:
  +0.000000
  +0.400000
  +1.000000
Erro p2d - p2 [m]:
  +0.395381
  +0.425663
  +0.939822
Yaw Bebop: -0.082834 rad (-4.746 graus)
--- MATRIZES CINEMÁTICAS DO BEBOP ---
A2: velocidade no mundo = A2 * velocidade no corpo
     +0.996571    +0.082740    +0.000000 
     -0.082740    +0.996571    +0.000000 
     +0.000000    +0.000000    +1.000000 
A2inv: velocidade no corpo = A2inv * velocidade no mundo
     +0.996571    -0.082740    +0.000000 
     +0.082740    +0.996571    +0.000000 
     +0.000000    +0.000000    +1.000000 
--- RESULTADO CINEMÁTICO ---
dx2 desejada no mundo [m/s]:
  +0.346606
  +0.366195
  +0.572676
vB desejada no corpo [vx; vy; vz; psidot]:
  +0.315119
  +0.393617
  +0.572676
  +0.000000
A2 * vB_desejada(1:3) [m/s]:
  +0.346606
  +0.366195
  +0.572676
Resíduo A2*vB_desejada - dx2 [m/s]:
  -5.551115e-17
  +0.000000e+00
  +0.000000e+00
Norma do resíduo cinemático: 5.551e-17
--- COMPENSADOR DINÂMICO DO BEBOP ---
vB medida [vx; vy; vz; psidot]:
  -0.000884
  -0.001746
  +0.003812
  -0.028023
dvd_B [m/s²; rad/s²]:
  -0.010431
  +0.009934
  -0.000407
  +0.000000
Aceleração requerida dvd_B + KD*(vd_B-vB_medida):
  +1.253578
  +1.591388
  +2.275048
  +0.112092
Comando bruto f1\(...):
  +1.489149
  +1.904584
  +0.577484
  -0.002075
Comando após saturação:
  +1.000000
  +1.000000
  +0.577484
  -0.002075
Erro causado pela saturação:
  -0.489149
  -0.904584
  +0.000000
  +0.000000
f1*cmd_bruto - f2*vB_medida:
  +1.253578
  +1.591388
  +2.275048
  +0.112092
Resíduo dinâmico bruto:
  +0.000000e+00
  +0.000000e+00
  +0.000000e+00
  +0.000000e+00
Norma do resíduo dinâmico bruto: 0.000e+00
f1*cmd_saturado - f2*vB_medida:
  +0.841861
  +0.835699
  +2.275048
  +0.112092

================================================================
t = 16.261 s | modo Bebop = voo
t da trajetória = 6.261 s | preparação = 0
TRAJ = 0 | dt efetivo = 0.035835 s
--- LIMO E REFERÊNCIA ---
PoI LIMO [m]:
  +0.000347
  -0.001066
Referência lemniscata [m]:
  +0.000000
  +0.000000
Yaw LIMO: +2.265090 rad (+129.780 graus)
--- ESTADO E ALVO DO BEBOP ---
p2 medido ou virtual [m]:
  -0.395596
  -0.025582
  +0.060204
p2d de formação [m]:
  +0.000000
  +0.400000
  +1.000000
Erro p2d - p2 [m]:
  +0.395596
  +0.425582
  +0.939796
Yaw Bebop: -0.082241 rad (-4.712 graus)
--- MATRIZES CINEMÁTICAS DO BEBOP ---
A2: velocidade no mundo = A2 * velocidade no corpo
     +0.996620    +0.082148    +0.000000 
     -0.082148    +0.996620    +0.000000 
     +0.000000    +0.000000    +1.000000 
A2inv: velocidade no corpo = A2inv * velocidade no mundo
     +0.996620    -0.082148    +0.000000 
     +0.082148    +0.996620    +0.000000 
     +0.000000    +0.000000    +1.000000 
--- RESULTADO CINEMÁTICO ---
dx2 desejada no mundo [m/s]:
  +0.346749
  +0.366144
  +0.572674
vB desejada no corpo [vx; vy; vz; psidot]:
  +0.315499
  +0.393391
  +0.572674
  +0.000000
A2 * vB_desejada(1:3) [m/s]:
  +0.346749
  +0.366144
  +0.572674
Resíduo A2*vB_desejada - dx2 [m/s]:
  +5.551115e-17
  +5.551115e-17
  +0.000000e+00
Norma do resíduo cinemático: 7.850e-17
--- COMPENSADOR DINÂMICO DO BEBOP ---
vB medida [vx; vy; vz; psidot]:
  -0.000673
  -0.000339
  +0.000256
  +0.000060
dvd_B [m/s²; rad/s²]:
  +0.000473
  +0.000196
  -0.000027
  +0.000000
Aceleração requerida dvd_B + KD*(vd_B-vB_medida):
  +1.265162
  +1.575115
  +2.289644
  -0.000238
Comando bruto f1\(...):
  +1.502957
  +1.885393
  +0.577576
  +0.000004
Comando após saturação:
  +1.000000
  +1.000000
  +0.577576
  +0.000004
Erro causado pela saturação:
  -0.502957
  -0.885393
  +0.000000
  +0.000000
f1*cmd_bruto - f2*vB_medida:
  +1.265162
  +1.575115
  +2.289644
  -0.000238
Resíduo dinâmico bruto:
  +0.000000e+00
  +0.000000e+00
  +0.000000e+00
  +0.000000e+00
Norma do resíduo dinâmico bruto: 0.000e+00
f1*cmd_saturado - f2*vB_medida:
  +0.841823
  +0.835458
  +2.289644
  -0.000238

================================================================
t = 17.285 s | modo Bebop = voo
t da trajetória = 7.285 s | preparação = 0
TRAJ = 0 | dt efetivo = 0.033372 s
--- LIMO E REFERÊNCIA ---
PoI LIMO [m]:
  +0.000300
  -0.001075
Referência lemniscata [m]:
  +0.000000
  +0.000000
Yaw LIMO: +2.264813 rad (+129.764 graus)
--- ESTADO E ALVO DO BEBOP ---
p2 medido ou virtual [m]:
  -0.395471
  -0.025573
  +0.060174
p2d de formação [m]:
  +0.000000
  +0.400000
  +1.000000
Erro p2d - p2 [m]:
  +0.395471
  +0.425573
  +0.939826
Yaw Bebop: -0.082074 rad (-4.703 graus)
--- MATRIZES CINEMÁTICAS DO BEBOP ---
A2: velocidade no mundo = A2 * velocidade no corpo
     +0.996634    +0.081982    +0.000000 
     -0.081982    +0.996634    +0.000000 
     +0.000000    +0.000000    +1.000000 
A2inv: velocidade no corpo = A2inv * velocidade no mundo
     +0.996634    -0.081982    +0.000000 
     +0.081982    +0.996634    +0.000000 
     +0.000000    +0.000000    +1.000000 
--- RESULTADO CINEMÁTICO ---
dx2 desejada no mundo [m/s]:
  +0.346666
  +0.366139
  +0.572677
vB desejada no corpo [vx; vy; vz; psidot]:
  +0.315482
  +0.393326
  +0.572677
  +0.000000
A2 * vB_desejada(1:3) [m/s]:
  +0.346666
  +0.366139
  +0.572677
Resíduo A2*vB_desejada - dx2 [m/s]:
  -5.551115e-17
  -5.551115e-17
  +0.000000e+00
Norma do resíduo cinemático: 7.850e-17
--- COMPENSADOR DINÂMICO DO BEBOP ---
vB medida [vx; vy; vz; psidot]:
  -0.000116
  +0.000169
  +0.000466
  +0.001530
dvd_B [m/s²; rad/s²]:
  +0.000678
  -0.000588
  -0.000050
  +0.000000
Aceleração requerida dvd_B + KD*(vd_B-vB_medida):
  +1.263070
  +1.572041
  +2.288794
  -0.006119
Comando bruto f1\(...):
  +1.500593
  +1.881817
  +0.577574
  +0.000113
Comando após saturação:
  +1.000000
  +1.000000
  +0.577574
  +0.000113
Erro causado pela saturação:
  -0.500593
  -0.881817
  +0.000000
  +0.000000
f1*cmd_bruto - f2*vB_medida:
  +1.263070
  +1.572041
  +2.288794
  -0.006119
Resíduo dinâmico bruto:
  +0.000000e+00
  +0.000000e+00
  +0.000000e+00
  +0.000000e+00
Norma do resíduo dinâmico bruto: 0.000e+00
f1*cmd_saturado - f2*vB_medida:
  +0.841721
  +0.835371
  +2.288794
  -0.006119

================================================================
t = 18.301 s | modo Bebop = voo
t da trajetória = 8.301 s | preparação = 0
TRAJ = 0 | dt efetivo = 0.034809 s
--- LIMO E REFERÊNCIA ---
PoI LIMO [m]:
  +0.000452
  -0.000985
Referência lemniscata [m]:
  +0.000000
  +0.000000
Yaw LIMO: +2.264018 rad (+129.719 graus)
--- ESTADO E ALVO DO BEBOP ---
p2 medido ou virtual [m]:
  -0.395289
  -0.025499
  +0.060077
p2d de formação [m]:
  +0.000000
  +0.400000
  +1.000000
Erro p2d - p2 [m]:
  +0.395289
  +0.425499
  +0.939923
Yaw Bebop: -0.081254 rad (-4.656 graus)
--- MATRIZES CINEMÁTICAS DO BEBOP ---
A2: velocidade no mundo = A2 * velocidade no corpo
     +0.996701    +0.081164    +0.000000 
     -0.081164    +0.996701    +0.000000 
     +0.000000    +0.000000    +1.000000 
A2inv: velocidade no corpo = A2inv * velocidade no mundo
     +0.996701    -0.081164    +0.000000 
     +0.081164    +0.996701    +0.000000 
     +0.000000    +0.000000    +1.000000 
--- RESULTADO CINEMÁTICO ---
dx2 desejada no mundo [m/s]:
  +0.346544
  +0.366092
  +0.572687
vB desejada no corpo [vx; vy; vz; psidot]:
  +0.315687
  +0.393011
  +0.572687
  +0.000000
A2 * vB_desejada(1:3) [m/s]:
  +0.346544
  +0.366092
  +0.572687
